53 175.406
77 702.010
54 185.940
78 744.130
55 196.930
79 787.930
56 208.630
80 835.220
57 221.070
81 884.350
58 234.170
82 936.565
59 248.000
83 992.140
60 262.872
84 1051.259
61 278.443
85 1114.170
62 295.000
86 1180.310
63 312.595
87 1250.716
64 331.240
88 1324.951
65 350.873
89 1404.044
66 371.494
90 1486.705
67 393.777
91 1574.851
68 416.820
92 1668.900
69 441.890
93 1768.000
70 467.870
94 1873.131
71 495.650
95 1984.513
72 525.210
96 2101.510
73 557.190
97 2227.541
74 589.250
98 2366.410
75 625.214
99 2499.404
76 661.250
100 2647.556
77 700.350
101 2804.401
78 742.020
102 2971.505
79 786.021
103 3150.218
80 832.810
104 3343.070
81 882.600
105 3536.000
82 934.520
106 3746.261
83 989.966
107 3969.026
84 1049.270
108 4205.036
85 1111.679
109 4455.081
86 1177.573
110 4719.994
87 1247.760
111 5000.659
88 1321.610
112 5298.014
89 1399.154
113 5613.988
